F1 Scores array: 
[[array([0.01105014, 0.08972794, 0.02721388]), 1.154740564554118, 0.05012249603689285], [array([0.        , 0.10207376, 0.        ]), 1.1365158554799517, 0.053778957702839]]



Length of train: 
 [0, 0]


Length of test: 
 [12329, 12329]


F1 Scores array: 
 [[array([0.00977235, 0.34374641, 0.12148196]), 0.9912785679759064, 0.2476217304366621], [array([0.        , 0.35315144, 0.        ]), 0.9992210599080443, 0.21442877215737136], [array([0.        , 0.35315144, 0.        ]), 0.9992210599080443, 0.21442877215737136], [array([0.        , 0.35315144, 0.        ]), 0.9992210599080443, 0.21442877215737136], [array([0.        , 0.35315144, 0.        ]), 0.9992210599080443, 0.21442877215737136], [array([0.        , 0.35315144, 0.        ]), 0.9992210599080443, 0.21442877215737136], [array([0.        , 0.35315144, 0.        ]), 0.9992210599080443, 0.21442877215737136], [array([0.        , 0.35315144, 0.        ]), 0.9992210599080443, 0.21442877215737136], [array([0.        , 0.35315144, 0.        ]), 0.9992210599080443, 0.21442877215737136], [array([0.        , 0.35315144, 0.        ]), 0.9992210599080443, 0.21442877215737136], [array([0.        , 0.35315144, 0.        ]), 0.9992210599080443, 0.21442877215737136], [array([0.        , 0.35315144, 0.        ]), 0.9992210599080443, 0.21442877215737136], [array([0.        , 0.35315144, 0.        ]), 0.9992210599080443, 0.21442877215737136], [array([0.        , 0.35315144, 0.        ]), 0.9992210599080443, 0.21442877215737136], [array([0.        , 0.35315144, 0.        ]), 0.9992210599080443, 0.21442877215737136], [array([0.        , 0.35315144, 0.        ]), 0.9992210599080443, 0.21442877215737136]] 



Length of train: 
 [5283, 5283, 5283, 5283, 5283, 5283, 5283, 5283, 5283, 5283, 5283, 5283, 5283, 5283, 5283, 5283] 


Length of test: 
 [12329, 12329, 12329, 12329, 12329, 12329, 12329, 12329, 12329, 12329, 12329, 12329, 12329, 12329, 12329, 12329] 


